timedifference,trialnumber,blocknumber,xpos,ypos
0,1,1,926,832
8,1,1,926,832
8,1,1,927,786
5,1,1,927,786
5,1,1,930,755
6,1,1,933,726
8,1,1,936,692
8,1,1,936,692
6,1,1,941,637
6,1,1,944,602
8,1,1,944,602
8,1,1,944,545
5,1,1,944,545
7,1,1,941,512
6,1,1,935,481
7,1,1,935,481
9,1,1,928,430
8,1,1,928,430
7,1,1,926,398
10,1,1,929,378
6,1,1,929,378
7,1,1,929,378
6,1,1,943,346
6,1,1,954,334
8,1,1,954,334
6,1,1,973,315
8,1,1,997,298
6,1,1,997,298
6,1,1,1023,281
8,1,1,1056,265
8,1,1,1094,243
7,1,1,1094,243
8,1,1,1167,204
7,1,1,1208,184
8,1,1,1257,163
7,1,1,1257,163
5,1,1,1336,131
8,1,1,1399,113
7,1,1,1399,113
8,1,1,1499,98
0,2,1,1055,842
9,2,1,1065,786
7,2,1,1065,786
15,2,1,1068,693
5,2,1,1068,693
7,2,1,1068,693
7,2,1,1068,693
7,2,1,1076,536
9,2,1,1079,485
7,2,1,1079,485
7,2,1,1079,485
6,2,1,1080,407
7,2,1,1080,407
9,2,1,1070,365
8,2,1,1070,365
6,2,1,1066,341
7,2,1,1064,326
7,2,1,1064,326
9,2,1,1068,300
7,2,1,1075,284
7,2,1,1075,284
9,2,1,1093,257
9,2,1,1107,241
5,2,1,1107,241
5,2,1,1120,226
5,2,1,1120,226
7,2,1,1130,214
6,2,1,1135,205
6,2,1,1138,199
9,2,1,1139,193
7,2,1,1139,189
6,2,1,1138,185
7,2,1,1135,181
6,2,1,1131,177
7,2,1,1125,172
8,2,1,1113,164
8,2,1,1113,164
9,2,1,1072,139
7,2,1,1072,139
8,2,1,1022,112
8,2,1,977,90
8,2,1,977,90
8,2,1,872,47
5,2,1,872,47
7,2,1,801,21
6,2,1,738,6
5,2,1,676,0
5,2,1,676,0
6,2,1,582,0
8,2,1,582,0
6,2,1,490,0
6,2,1,430,2
0,3,1,815,837
7,3,1,824,809
5,3,1,824,809
8,3,1,843,756
5,3,1,843,756
7,3,1,843,756
5,3,1,872,681
5,3,1,872,681
7,3,1,894,631
6,3,1,894,631
8,3,1,914,580
9,3,1,926,549
7,3,1,926,549
7,3,1,937,513
7,3,1,941,497
9,3,1,945,479
7,3,1,945,479
7,3,1,948,455
9,3,1,949,437
7,3,1,949,437
9,3,1,950,411
8,3,1,950,411
6,3,1,952,395
7,3,1,952,383
7,3,1,952,383
8,3,1,952,365
5,3,1,952,365
7,3,1,951,354
6,3,1,948,343
6,3,1,942,325
8,3,1,942,325
10,3,1,923,284
6,3,1,923,284
10,3,1,884,236
7,3,1,884,236
9,3,1,809,172
8,3,1,809,172
7,3,1,722,115
6,3,1,677,81
9,3,1,621,43
8,3,1,621,43
7,3,1,531,0
9,3,1,467,0
7,3,1,467,0
8,3,1,376,0
0,4,1,897,863
7,4,1,897,842
8,4,1,894,817
7,4,1,894,817
6,4,1,886,778
8,4,1,886,778
6,4,1,877,731
5,4,1,873,705
5,4,1,873,705
5,4,1,870,669
8,4,1,869,641
7,4,1,869,641
8,4,1,869,605
7,4,1,869,591
8,4,1,866,572
7,4,1,866,572
8,4,1,861,542
9,4,1,854,520
7,4,1,854,520
6,4,1,854,520
6,4,1,844,474
8,4,1,844,474
6,4,1,839,449
5,4,1,836,436
8,4,1,832,420
7,4,1,832,420
8,4,1,822,399
6,4,1,816,388
8,4,1,810,379
5,4,1,810,379
6,4,1,804,364
7,4,1,804,364
8,4,1,804,346
11,4,1,816,321
5,4,1,816,321
6,4,1,816,321
11,4,1,870,253
6,4,1,870,253
7,4,1,870,253
6,4,1,964,185
8,4,1,1043,140
9,4,1,1127,97
7,4,1,1127,97
7,4,1,1272,38
7,4,1,1350,10
6,4,1,1350,10
6,4,1,1451,0
6,4,1,1517,0
0,5,1,1082,846
8,5,1,1096,797
13,5,1,1109,752
6,5,1,1109,752
7,5,1,1109,752
6,5,1,1109,752
6,5,1,1127,664
8,5,1,1127,664
7,5,1,1134,614
7,5,1,1136,587
9,5,1,1139,556
7,5,1,1139,556
8,5,1,1148,507
5,5,1,1148,507
6,5,1,1155,482
7,5,1,1159,462
6,5,1,1162,441
8,5,1,1162,441
7,5,1,1170,404
7,5,1,1176,387
8,5,1,1181,369
7,5,1,1181,369
6,5,1,1193,337
8,5,1,1193,337
8,5,1,1210,309
5,5,1,1210,309
6,5,1,1232,289
7,5,1,1232,289
7,5,1,1262,269
7,5,1,1262,269
8,5,1,1303,246
5,5,1,1303,246
6,5,1,1341,231
7,5,1,1341,231
8,5,1,1388,213
7,5,1,1413,202
8,5,1,1448,190
7,5,1,1448,190
8,5,1,1496,172
0,6,1,932,861
9,6,1,936,831
6,6,1,936,831
8,6,1,942,775
8,6,1,946,742
8,6,1,946,742
6,6,1,947,692
6,6,1,947,656
8,6,1,947,656
6,6,1,947,600
7,6,1,945,559
7,6,1,945,559
8,6,1,937,504
5,6,1,937,504
5,6,1,932,471
5,6,1,932,471
5,6,1,927,441
5,6,1,927,441
5,6,1,921,411
5,6,1,921,411
5,6,1,912,382
5,6,1,912,382
7,6,1,906,358
6,6,1,902,341
6,6,1,895,323
8,6,1,895,323
6,6,1,886,301
6,6,1,877,282
8,6,1,877,282
8,6,1,856,249
5,6,1,856,249
5,6,1,835,220
5,6,1,835,220
7,6,1,810,193
6,6,1,789,173
6,6,1,758,144
8,6,1,758,144
6,6,1,696,98
6,6,1,645,69
8,6,1,645,69
8,6,1,558,28
5,6,1,558,28
7,6,1,500,6
6,6,1,457,0
6,6,1,411,0
0,7,1,1005,833
6,7,1,1005,833
8,7,1,1021,765
10,7,1,1026,717
6,7,1,1026,717
6,7,1,1026,717
7,7,1,1036,641
7,7,1,1036,641
6,7,1,1036,641
7,7,1,1040,575
7,7,1,1040,575
8,7,1,1034,528
5,7,1,1034,528
5,7,1,1027,505
6,7,1,1020,487
7,7,1,1013,471
5,7,1,1013,471
5,7,1,1000,448
5,7,1,1000,448
5,7,1,986,423
7,7,1,977,408
5,7,1,977,408
5,7,1,966,389
5,7,1,966,389
7,7,1,960,376
6,7,1,958,370
5,7,1,956,365
5,7,1,956,365
5,7,1,956,358
6,7,1,956,355
7,7,1,958,351
9,7,1,962,344
6,7,1,962,344
8,7,1,972,333
7,7,1,982,325
8,7,1,1000,312
8,7,1,1000,312
7,7,1,1044,289
8,7,1,1077,274
5,7,1,1077,274
7,7,1,1133,250
8,7,1,1174,233
5,7,1,1174,233
7,7,1,1250,197
7,7,1,1294,172
8,7,1,1351,141
7,7,1,1351,141
8,7,1,1443,90
7,7,1,1490,67
0,8,1,815,877
5,8,1,815,877
5,8,1,836,833
5,8,1,836,833
7,8,1,859,785
6,8,1,880,744
9,8,1,910,687
5,8,1,910,687
6,8,1,910,687
8,8,1,950,607
9,8,1,968,574
7,8,1,968,574
8,8,1,992,527
5,8,1,992,527
6,8,1,1003,503
5,8,1,1011,488
8,8,1,1021,468
8,8,1,1021,468
9,8,1,1035,434
7,8,1,1035,434
10,8,1,1045,399
7,8,1,1045,399
7,8,1,1045,399
6,8,1,1057,355
7,8,1,1057,355
6,8,1,1057,355
8,8,1,1081,305
6,8,1,1081,305
6,8,1,1081,305
5,8,1,1109,272
7,8,1,1124,259
5,8,1,1124,259
6,8,1,1160,239
8,8,1,1160,239
7,8,1,1221,215
7,8,1,1257,202
9,8,1,1305,188
6,8,1,1305,188
8,8,1,1391,159
8,8,1,1431,146
8,8,1,1431,146
6,8,1,1464,132
6,8,1,1475,125
8,8,1,1475,125
8,8,1,1477,122
6,8,1,1477,120
7,8,1,1473,118
7,8,1,1464,115
5,8,1,1464,115
7,8,1,1445,110
6,8,1,1423,105
7,8,1,1387,98
7,8,1,1387,98
7,8,1,1318,90
7,8,1,1272,83
7,8,1,1218,72
5,8,1,1218,72
5,8,1,1127,49
6,8,1,1068,33
7,8,1,994,17
7,8,1,920,0
6,8,1,852,0
7,8,1,771,0
8,8,1,679,0
8,8,1,679,0
5,8,1,542,0
5,8,1,542,0
7,8,1,433,0
0,9,1,935,794
6,9,1,935,794
6,9,1,935,794
7,9,1,960,690
7,9,1,960,690
6,9,1,972,610
7,9,1,978,565
6,9,1,979,512
8,9,1,979,512
7,9,1,977,451
6,9,1,976,426
8,9,1,973,403
5,9,1,973,403
7,9,1,963,372
6,9,1,963,372
7,9,1,951,339
8,9,1,946,324
5,9,1,946,324
7,9,1,938,304
7,9,1,934,293
6,9,1,929,280
5,9,1,925,269
5,9,1,925,269
6,9,1,920,255
8,9,1,920,255
7,9,1,917,239
7,9,1,916,233
7,9,1,916,228
6,9,1,916,224
7,9,1,917,220
8,9,1,920,215
8,9,1,920,215
7,9,1,930,206
7,9,1,940,201
8,9,1,960,193
8,9,1,960,193
6,9,1,987,183
6,9,1,1005,176
8,9,1,1005,176
6,9,1,1024,165
6,9,1,1028,159
10,9,1,1029,149
7,9,1,1029,149
8,9,1,1021,128
6,9,1,1021,128
8,9,1,997,107
5,9,1,997,107
7,9,1,958,83
6,9,1,958,83
8,9,1,888,50
7,9,1,844,35
5,9,1,844,35
7,9,1,772,23
7,9,1,727,17
6,9,1,676,12
5,9,1,623,8
5,9,1,623,8
9,9,1,537,6
5,9,1,537,6
6,9,1,537,6
5,9,1,445,10
5,9,1,445,10
5,9,1,406,19
0,10,1,993,822
8,10,1,993,822
6,10,1,1007,771
5,10,1,1016,736
5,10,1,1016,736
5,10,1,1025,686
8,10,1,1030,652
8,10,1,1031,609
6,10,1,1032,577
8,10,1,1032,550
5,10,1,1032,550
6,10,1,1024,507
8,10,1,1024,507
7,10,1,1002,456
7,10,1,987,433
7,10,1,971,413
5,10,1,971,413
8,10,1,941,377
6,10,1,941,377
7,10,1,912,344
9,10,1,891,322
7,10,1,891,322
7,10,1,891,322
6,10,1,857,282
7,10,1,836,262
7,10,1,836,262
6,10,1,810,234
5,10,1,793,220
6,10,1,772,205
9,10,1,747,185
7,10,1,747,185
13,10,1,686,151
7,10,1,686,151
7,10,1,686,151
7,10,1,612,120
9,10,1,577,107
7,10,1,577,107
6,10,1,577,107
5,10,1,515,88
8,10,1,495,81
10,10,1,472,76
7,10,1,472,76
8,10,1,463,74
7,10,1,463,73
5,10,1,463,73
7,10,1,463,73
9,10,1,467,73
8,10,1,467,73
8,10,1,504,82
5,10,1,504,82
6,10,1,555,94
8,10,1,625,106
7,10,1,690,118
7,10,1,764,137
5,10,1,764,137
7,10,1,940,166
7,10,1,940,166
7,10,1,1132,198
7,10,1,1241,213
9,10,1,1385,229
7,10,1,1385,229
6,10,1,1385,229
6,10,1,1593,244
8,10,1,1593,244
6,10,1,1687,252
9,10,1,1731,252
5,10,1,1731,252
6,10,1,1731,252
5,10,1,1755,252
6,10,1,1756,252
6,10,1,1756,252
7,10,1,1756,252
6,10,1,1756,252
5,10,1,1755,252
6,10,1,1753,251
7,10,1,1749,251
8,10,1,1744,251
10,10,1,1732,251
7,10,1,1732,251
8,10,1,1707,260
6,10,1,1690,268
10,10,1,1664,280
6,10,1,1664,280
7,10,1,1604,310
8,10,1,1567,332
5,10,1,1567,332
5,10,1,1509,371
9,10,1,1448,414
6,10,1,1448,414
8,10,1,1355,483
8,10,1,1295,525
8,10,1,1295,525
8,10,1,1218,592
5,10,1,1218,592
7,10,1,1193,613
6,10,1,1178,622
5,10,1,1171,626
6,10,1,1166,626
7,10,1,1165,626
6,10,1,1164,626
7,10,1,1164,625
7,10,1,1165,620
8,10,1,1168,613
9,10,1,1180,592
5,10,1,1180,592
5,10,1,1190,570
5,10,1,1190,570
6,10,1,1201,532
8,10,1,1201,532
7,10,1,1230,466
6,10,1,1250,427
8,10,1,1272,388
5,10,1,1272,388
6,10,1,1307,332
8,10,1,1307,332
6,10,1,1343,283
6,10,1,1367,254
7,10,1,1367,254
8,10,1,1397,222
6,10,1,1411,210
8,10,1,1423,199
5,10,1,1423,199
7,10,1,1445,186
6,10,1,1445,186
8,10,1,1464,175
6,10,1,1472,172
8,10,1,1477,170
5,10,1,1477,170
5,10,1,1481,167
0,1,2,1064,793
9,1,2,1076,756
7,1,2,1076,756
6,1,2,1076,756
7,1,2,1097,681
5,1,2,1102,647
5,1,2,1102,647
9,1,2,1111,572
5,1,2,1111,572
6,1,2,1111,572
7,1,2,1111,572
7,1,2,1110,478
6,1,2,1107,448
5,1,2,1101,421
5,1,2,1101,421
8,1,2,1096,378
5,1,2,1096,378
7,1,2,1096,378
7,1,2,1093,334
6,1,2,1093,316
5,1,2,1093,301
5,1,2,1093,301
5,1,2,1093,279
5,1,2,1093,279
6,1,2,1095,257
8,1,2,1095,257
8,1,2,1100,238
5,1,2,1100,238
7,1,2,1105,229
6,1,2,1109,223
7,1,2,1116,215
7,1,2,1116,215
7,1,2,1137,198
7,1,2,1153,187
7,1,2,1171,175
6,1,2,1189,164
6,1,2,1216,152
8,1,2,1251,138
6,1,2,1282,128
7,1,2,1326,116
7,1,2,1379,100
7,1,2,1436,86
5,1,2,1436,86
0,2,2,904,873
6,2,2,904,873
7,2,2,919,817
10,2,2,930,763
6,2,2,930,763
8,2,2,940,703
5,2,2,940,703
5,2,2,950,649
5,2,2,950,649
5,2,2,962,605
6,2,2,970,576
7,2,2,979,544
8,2,2,989,509
7,2,2,989,509
7,2,2,1005,461
9,2,2,1014,439
8,2,2,1014,439
6,2,2,1026,408
7,2,2,1033,387
7,2,2,1033,387
6,2,2,1045,365
5,2,2,1052,354
5,2,2,1052,354
6,2,2,1067,330
8,2,2,1067,330
8,2,2,1081,307
5,2,2,1081,307
5,2,2,1088,292
5,2,2,1088,292
7,2,2,1093,283
6,2,2,1095,278
8,2,2,1096,272
6,2,2,1098,268
7,2,2,1098,265
7,2,2,1101,263
8,2,2,1103,258
8,2,2,1103,258
5,2,2,1113,250
5,2,2,1113,250
6,2,2,1113,250
7,2,2,1139,231
7,2,2,1139,231
7,2,2,1170,214
7,2,2,1187,206
10,2,2,1211,193
6,2,2,1211,193
7,2,2,1235,177
7,2,2,1241,170
6,2,2,1241,170
6,2,2,1243,160
5,2,2,1243,152
5,2,2,1243,152
5,2,2,1235,134
5,2,2,1235,134
6,2,2,1211,110
7,2,2,1211,110
8,2,2,1164,77
7,2,2,1127,58
8,2,2,1083,35
7,2,2,1083,35
5,2,2,1013,2
7,2,2,971,0
5,2,2,971,0
7,2,2,914,0
6,2,2,872,0
5,2,2,820,0
5,2,2,820,0
5,2,2,743,0
7,2,2,690,0
5,2,2,690,0
6,2,2,616,2
7,2,2,616,2
5,2,2,548,13
5,2,2,548,13
6,2,2,505,22
8,2,2,505,22
6,2,2,474,34
6,2,2,455,46
8,2,2,455,46
7,2,2,438,66
0,3,2,966,953
7,3,2,966,953
7,3,2,965,902
7,3,2,964,874
8,3,2,963,835
7,3,2,963,835
8,3,2,961,773
7,3,2,958,738
6,3,2,954,710
7,3,2,950,677
7,3,2,946,648
7,3,2,941,621
5,3,2,941,621
6,3,2,935,579
7,3,2,935,579
5,3,2,931,530
8,3,2,929,496
7,3,2,929,496
8,3,2,925,447
7,3,2,925,426
5,3,2,925,426
5,3,2,922,397
9,3,2,919,375
6,3,2,919,375
8,3,2,912,338
9,3,2,906,320
7,3,2,906,320
7,3,2,903,294
7,3,2,903,285
7,3,2,905,273
5,3,2,905,273
5,3,2,912,257
6,3,2,912,257
6,3,2,921,245
7,3,2,938,229
5,3,2,938,229
7,3,2,938,229
11,3,2,998,197
7,3,2,998,197
6,3,2,1049,177
6,3,2,1086,165
6,3,2,1120,155
7,3,2,1200,130
5,3,2,1200,130
6,3,2,1200,130
6,3,2,1349,84
7,3,2,1416,64
0,4,2,831,835
6,4,2,831,835
7,4,2,846,791
5,4,2,853,770
5,4,2,865,738
10,4,2,884,683
5,4,2,884,683
7,4,2,884,683
7,4,2,915,601
6,4,2,926,569
5,4,2,938,539
6,4,2,947,516
7,4,2,958,490
7,4,2,969,463
5,4,2,969,463
6,4,2,985,423
8,4,2,985,423
8,4,2,1008,375
5,4,2,1008,375
7,4,2,1020,351
6,4,2,1028,335
6,4,2,1039,315
8,4,2,1039,315
9,4,2,1054,288
7,4,2,1054,288
5,4,2,1065,270
7,4,2,1071,263
5,4,2,1071,263
7,4,2,1079,252
6,4,2,1087,245
6,4,2,1102,233
8,4,2,1102,233
7,4,2,1130,214
9,4,2,1153,200
7,4,2,1153,200
6,4,2,1153,200
6,4,2,1195,176
8,4,2,1195,176
8,4,2,1226,160
5,4,2,1226,160
7,4,2,1247,150
7,4,2,1247,150
7,4,2,1261,143
7,4,2,1264,141
5,4,2,1264,141
5,4,2,1266,140
5,4,2,1266,140
7,4,2,1266,140
7,4,2,1266,140
7,4,2,1268,140
6,4,2,1272,140
8,4,2,1282,140
8,4,2,1298,140
7,4,2,1298,140
5,4,2,1338,140
5,4,2,1338,140
5,4,2,1386,140
5,4,2,1386,140
11,4,2,1495,141
6,4,2,1495,141
0,5,2,1120,925
9,5,2,1125,853
8,5,2,1125,853
7,5,2,1122,774
7,5,2,1115,737
6,5,2,1115,737
6,5,2,1100,667
7,5,2,1100,667
7,5,2,1100,667
6,5,2,1083,589
7,5,2,1076,552
6,5,2,1076,552
8,5,2,1069,511
7,5,2,1067,489
6,5,2,1067,489
5,5,2,1062,459
8,5,2,1062,459
9,5,2,1056,423
7,5,2,1056,423
8,5,2,1056,398
7,5,2,1059,385
5,5,2,1059,385
6,5,2,1067,365
8,5,2,1067,365
6,5,2,1081,343
5,5,2,1090,330
6,5,2,1096,320
7,5,2,1103,310
9,5,2,1107,299
7,5,2,1107,299
6,5,2,1107,299
7,5,2,1110,286
7,5,2,1110,286
6,5,2,1110,282
7,5,2,1111,279
7,5,2,1111,279
6,5,2,1114,275
6,5,2,1117,272
10,5,2,1124,267
11,5,2,1137,257
7,5,2,1137,257
7,5,2,1167,242
7,5,2,1189,237
6,5,2,1216,229
6,5,2,1216,229
6,5,2,1281,210
7,5,2,1281,210
8,5,2,1390,183
10,5,2,1478,163
6,5,2,1478,163
10,5,2,1632,126
0,6,2,964,898
5,6,2,964,898
6,6,2,964,898
6,6,2,978,852
7,6,2,987,816
5,6,2,998,778
5,6,2,998,778
7,6,2,1012,724
6,6,2,1020,682
6,6,2,1024,637
8,6,2,1024,637
6,6,2,1031,583
7,6,2,1036,556
7,6,2,1039,535
6,6,2,1044,515
5,6,2,1048,497
8,6,2,1054,475
7,6,2,1054,475
8,6,2,1063,446
8,6,2,1067,432
8,6,2,1067,432
6,6,2,1075,407
5,6,2,1081,393
5,6,2,1081,393
6,6,2,1091,371
8,6,2,1091,371
8,6,2,1106,346
5,6,2,1106,346
6,6,2,1118,327
7,6,2,1118,327
6,6,2,1127,308
8,6,2,1127,308
6,6,2,1130,298
6,6,2,1131,292
8,6,2,1131,292
6,6,2,1130,285
5,6,2,1127,281
5,6,2,1127,281
7,6,2,1121,275
8,6,2,1112,266
5,6,2,1112,266
6,6,2,1099,254
8,6,2,1099,254
6,6,2,1080,236
9,6,2,1051,211
8,6,2,1051,211
6,6,2,1008,178
5,6,2,982,157
5,6,2,982,157
5,6,2,941,125
7,6,2,917,107
5,6,2,917,107
5,6,2,898,91
5,6,2,898,91
7,6,2,892,88
6,6,2,892,87
8,6,2,893,87
8,6,2,902,85
8,6,2,902,85
6,6,2,932,85
6,6,2,975,85
8,6,2,975,85
8,6,2,1099,80
5,6,2,1099,80
5,6,2,1223,71
5,6,2,1223,71
5,6,2,1353,70
5,6,2,1353,70
7,6,2,1477,68
0,7,2,966,932
12,7,2,977,884
7,7,2,977,884
9,7,2,994,789
8,7,2,994,789
7,7,2,998,704
10,7,2,998,659
6,7,2,998,659
7,7,2,998,659
6,7,2,995,599
5,7,2,994,576
5,7,2,994,576
6,7,2,992,543
8,7,2,992,543
7,7,2,986,516
9,7,2,985,503
7,7,2,985,503
6,7,2,983,491
5,7,2,983,484
8,7,2,984,475
7,7,2,984,475
8,7,2,992,454
7,7,2,998,445
8,7,2,1009,431
7,7,2,1009,431
5,7,2,1030,408
5,7,2,1030,408
5,7,2,1054,387
7,7,2,1078,367
5,7,2,1078,367
6,7,2,1121,337
7,7,2,1121,337
5,7,2,1166,306
7,7,2,1187,292
5,7,2,1187,292
6,7,2,1215,275
7,7,2,1215,275
5,7,2,1228,264
5,7,2,1228,264
5,7,2,1229,259
6,7,2,1229,257
7,7,2,1229,254
10,7,2,1223,249
6,7,2,1223,249
7,7,2,1212,239
7,7,2,1203,233
8,7,2,1185,221
8,7,2,1185,221
9,7,2,1137,190
7,7,2,1137,190
5,7,2,1082,155
5,7,2,1082,155
5,7,2,1020,122
5,7,2,1020,122
5,7,2,949,88
5,7,2,949,88
7,7,2,868,58
9,7,2,769,31
8,7,2,769,31
7,7,2,655,3
7,7,2,602,0
6,7,2,602,0
6,7,2,542,0
6,7,2,499,0
8,7,2,499,0
6,7,2,444,0
6,7,2,415,0
0,8,2,957,900
7,8,2,958,881
9,8,2,960,848
7,8,2,960,848
6,8,2,960,848
6,8,2,952,754
8,8,2,952,754
6,8,2,921,672
5,8,2,897,620
5,8,2,877,572
8,8,2,856,510
7,8,2,833,451
6,8,2,816,409
7,8,2,800,362
8,8,2,788,321
8,8,2,788,321
6,8,2,780,279
5,8,2,779,263
5,8,2,779,263
5,8,2,779,247
7,8,2,781,237
5,8,2,781,237
5,8,2,784,222
5,8,2,784,222
7,8,2,784,208
6,8,2,783,197
6,8,2,776,183
8,8,2,776,183
7,8,2,760,160
7,8,2,750,146
8,8,2,735,128
8,8,2,735,128
7,8,2,709,96
7,8,2,695,79
9,8,2,672,56
7,8,2,672,56
6,8,2,672,56
6,8,2,620,11
8,8,2,620,11
9,8,2,561,0
8,8,2,516,0
9,8,2,465,0
7,8,2,465,0
9,8,2,373,0
0,9,2,936,955
6,9,2,939,934
7,9,2,942,903
8,9,2,944,865
8,9,2,944,865
6,9,2,945,809
6,9,2,943,763
8,9,2,943,763
7,9,2,940,692
7,9,2,939,660
7,9,2,936,629
8,9,2,930,596
7,9,2,930,596
7,9,2,920,541
7,9,2,920,541
9,9,2,907,482
7,9,2,907,482
5,9,2,896,446
7,9,2,892,429
5,9,2,892,429
6,9,2,882,397
7,9,2,882,397
7,9,2,863,356
9,9,2,846,330
8,9,2,846,330
7,9,2,810,283
10,9,2,780,250
6,9,2,780,250
9,9,2,726,195
8,9,2,726,195
7,9,2,684,148
7,9,2,663,126
8,9,2,641,101
8,9,2,641,101
6,9,2,613,67
5,9,2,599,52
5,9,2,599,52
6,9,2,584,37
8,9,2,584,37
6,9,2,578,32
7,9,2,578,32
5,9,2,578,32
6,9,2,581,32
7,9,2,589,31
5,9,2,589,31
6,9,2,630,34
7,9,2,630,34
8,9,2,724,42
7,9,2,793,45
6,9,2,864,50
7,9,2,959,57
7,9,2,1054,62
8,9,2,1168,70
7,9,2,1168,70
5,9,2,1349,75
5,9,2,1349,75
0,10,2,871,859
7,10,2,876,836
8,10,2,881,801
8,10,2,881,801
8,10,2,888,736
5,10,2,888,736
7,10,2,891,691
6,10,2,894,651
5,10,2,896,619
5,10,2,896,619
5,10,2,899,578
5,10,2,899,578
6,10,2,907,539
8,10,2,907,539
7,10,2,913,506
7,10,2,916,492
7,10,2,916,481
5,10,2,916,481
7,10,2,916,467
5,10,2,917,455
5,10,2,917,455
6,10,2,920,444
6,10,2,923,434
5,10,2,923,434
7,10,2,932,413
7,10,2,942,400
5,10,2,942,400
5,10,2,959,381
7,10,2,972,368
5,10,2,972,368
5,10,2,997,345
5,10,2,997,345
6,10,2,1019,325
8,10,2,1019,325
6,10,2,1044,302
5,10,2,1055,290
5,10,2,1055,290
5,10,2,1065,275
5,10,2,1065,275
5,10,2,1070,263
5,10,2,1070,263
6,10,2,1072,253
7,10,2,1072,253
8,10,2,1070,244
7,10,2,1068,238
6,10,2,1066,234
7,10,2,1064,229
7,10,2,1063,225
7,10,2,1063,221
5,10,2,1063,221
5,10,2,1064,216
5,10,2,1064,216
7,10,2,1071,210
6,10,2,1081,204
5,10,2,1095,197
5,10,2,1095,197
6,10,2,1128,183
8,10,2,1128,183
9,10,2,1203,174
7,10,2,1203,174
9,10,2,1323,165
5,10,2,1323,165
7,10,2,1442,163
8,10,2,1530,162
0,1,3,924,856
7,1,3,924,856
5,1,3,952,781
5,1,3,952,781
6,1,3,979,701
8,1,3,979,701
6,1,3,1014,610
7,1,3,1035,546
7,1,3,1035,546
7,1,3,1057,460
7,1,3,1064,419
7,1,3,1069,377
5,1,3,1069,377
5,1,3,1068,325
7,1,3,1064,289
5,1,3,1064,289
6,1,3,1054,243
7,1,3,1054,243
8,1,3,1044,211
8,1,3,1041,199
8,1,3,1041,199
6,1,3,1040,187
5,1,3,1041,181
5,1,3,1041,181
6,1,3,1046,171
8,1,3,1046,171
6,1,3,1053,162
5,1,3,1059,157
5,1,3,1059,157
6,1,3,1069,149
8,1,3,1069,149
6,1,3,1082,138
5,1,3,1091,129
7,1,3,1098,121
5,1,3,1098,121
5,1,3,1107,110
5,1,3,1107,110
5,1,3,1115,103
5,1,3,1115,103
5,1,3,1124,97
5,1,3,1124,97
7,1,3,1131,92
6,1,3,1136,90
5,1,3,1139,88
7,1,3,1142,86
5,1,3,1142,86
7,1,3,1142,86
7,1,3,1143,86
7,1,3,1143,85
8,1,3,1139,81
8,1,3,1139,81
8,1,3,1123,72
5,1,3,1123,72
7,1,3,1106,66
6,1,3,1088,62
5,1,3,1066,56
5,1,3,1066,56
6,1,3,1009,48
8,1,3,1009,48
7,1,3,909,38
7,1,3,850,36
8,1,3,763,35
8,1,3,763,35
7,1,3,626,35
7,1,3,553,40
8,1,3,463,48
8,1,3,463,48
7,1,3,333,58
0,2,3,935,841
7,2,3,935,841
10,2,3,951,789
7,2,3,951,789
7,2,3,951,789
6,2,3,951,789
9,2,3,957,682
5,2,3,957,682
6,2,3,957,682
7,2,3,942,594
7,2,3,942,594
6,2,3,942,594
5,2,3,930,535
5,2,3,930,535
7,2,3,927,501
7,2,3,927,501
6,2,3,927,501
7,2,3,929,461
7,2,3,934,444
6,2,3,940,423
5,2,3,950,399
5,2,3,950,399
6,2,3,967,361
8,2,3,967,361
7,2,3,989,313
7,2,3,998,291
9,2,3,1002,271
7,2,3,1002,271
8,2,3,1002,243
5,2,3,1002,243
7,2,3,994,229
6,2,3,985,219
6,2,3,972,208
8,2,3,972,208
7,2,3,956,198
8,2,3,952,196
5,2,3,952,196
6,2,3,951,195
7,2,3,951,195
7,2,3,951,195
6,2,3,952,195
7,2,3,954,195
7,2,3,958,193
6,2,3,963,190
8,2,3,969,185
8,2,3,974,179
7,2,3,974,179
8,2,3,975,172
7,2,3,975,168
7,2,3,974,165
5,2,3,974,165
6,2,3,966,158
7,2,3,966,158
8,2,3,941,147
7,2,3,920,142
6,2,3,901,136
6,2,3,865,125
7,2,3,825,115
7,2,3,783,108
7,2,3,729,99
7,2,3,670,90
8,2,3,586,76
7,2,3,586,76
7,2,3,457,58
10,2,3,382,47
0,3,3,852,810
13,3,3,872,759
6,3,3,872,759
7,3,3,872,759
6,3,3,872,759
8,3,3,930,622
5,3,3,930,622
7,3,3,930,622
6,3,3,974,511
7,3,3,974,511
8,3,3,995,439
8,3,3,1003,402
8,3,3,1003,402
6,3,3,1005,354
5,3,3,1005,329
5,3,3,1005,329
5,3,3,1005,299
6,3,3,1005,284
7,3,3,1003,269
7,3,3,1000,256
5,3,3,1000,256
7,3,3,994,239
7,3,3,991,228
6,3,3,987,215
5,3,3,982,200
7,3,3,975,187
5,3,3,975,187
5,3,3,964,168
5,3,3,964,168
7,3,3,954,151
6,3,3,948,141
6,3,3,944,134
8,3,3,944,134
6,3,3,944,127
5,3,3,944,124
6,3,3,946,121
7,3,3,951,118
8,3,3,962,114
8,3,3,962,114
7,3,3,998,109
7,3,3,1026,107
7,3,3,1062,106
5,3,3,1062,106
6,3,3,1147,103
8,3,3,1147,103
7,3,3,1273,101
7,3,3,1343,100
8,3,3,1434,96
8,3,3,1434,96
7,3,3,1570,96
0,4,3,942,814
5,4,3,942,814
7,4,3,946,783
6,4,3,950,753
7,4,3,952,723
5,4,3,960,681
5,4,3,960,681
5,4,3,969,633
5,4,3,969,633
5,4,3,978,587
5,4,3,978,587
6,4,3,987,536
7,4,3,987,536
8,4,3,996,470
6,4,3,996,470
6,4,3,996,470
6,4,3,1012,406
8,4,3,1012,406
6,4,3,1027,368
6,4,3,1040,341
8,4,3,1040,341
8,4,3,1067,293
5,4,3,1067,293
7,4,3,1084,268
6,4,3,1098,248
6,4,3,1116,227
8,4,3,1116,227
6,4,3,1142,199
6,4,3,1166,178
8,4,3,1166,178
7,4,3,1212,143
7,4,3,1237,128
5,4,3,1237,128
5,4,3,1276,105
7,4,3,1303,91
5,4,3,1303,91
6,4,3,1342,72
8,4,3,1342,72
6,4,3,1378,53
7,4,3,1378,53
9,4,3,1397,41
7,4,3,1397,41
5,4,3,1400,37
7,4,3,1400,36
6,4,3,1400,35
7,4,3,1399,34
7,4,3,1395,31
6,4,3,1387,30
12,4,3,1358,28
7,4,3,1358,28
7,4,3,1358,28
9,4,3,1261,25
9,4,3,1204,23
5,4,3,1204,23
7,4,3,1149,20
6,4,3,1098,16
7,4,3,1016,11
7,4,3,1016,11
6,4,3,1016,11
5,4,3,857,2
7,4,3,786,0
5,4,3,786,0
7,4,3,696,0
6,4,3,625,0
5,4,3,558,0
6,4,3,503,5
7,4,3,446,12
9,4,3,379,24
0,5,3,906,880
6,5,3,906,880
9,5,3,910,835
6,5,3,915,807
5,5,3,915,807
7,5,3,932,742
7,5,3,932,742
6,5,3,932,742
5,5,3,962,653
9,5,3,978,608
7,5,3,978,608
11,5,3,1005,532
5,5,3,1005,532
6,5,3,1030,471
7,5,3,1030,471
10,5,3,1053,409
7,5,3,1053,409
8,5,3,1064,371
7,5,3,1067,356
5,5,3,1067,356
7,5,3,1067,337
6,5,3,1063,323
5,5,3,1056,308
7,5,3,1045,293
5,5,3,1045,293
7,5,3,1025,268
6,5,3,1006,247
7,5,3,981,222
5,5,3,953,200
5,5,3,953,200
6,5,3,903,162
9,5,3,853,125
5,5,3,853,125
5,5,3,795,84
5,5,3,795,84
5,5,3,729,43
5,5,3,729,43
5,5,3,658,8
5,5,3,658,8
5,5,3,581,0
5,5,3,581,0
8,5,3,502,0
6,5,3,467,0
7,5,3,433,0
0,6,3,969,904
6,6,3,969,904
9,6,3,996,825
5,6,3,996,825
7,6,3,1010,770
6,6,3,1022,706
7,6,3,1022,706
6,6,3,1022,706
6,6,3,1029,599
8,6,3,1029,599
7,6,3,1029,533
7,6,3,1029,495
7,6,3,1028,460
8,6,3,1023,417
7,6,3,1023,417
8,6,3,1009,360
8,6,3,1001,330
8,6,3,1001,330
9,6,3,979,283
7,6,3,979,283
8,6,3,961,252
9,6,3,954,238
7,6,3,954,238
7,6,3,951,224
7,6,3,952,220
7,6,3,955,216
7,6,3,958,211
5,6,3,958,211
7,6,3,967,202
6,6,3,975,194
6,6,3,985,183
8,6,3,985,183
5,6,3,1007,162
5,6,3,1007,162
6,6,3,1007,162
8,6,3,1050,135
6,6,3,1050,135
6,6,3,1050,135
6,6,3,1156,103
7,6,3,1156,103
8,6,3,1281,83
6,6,3,1352,78
8,6,3,1427,78
5,6,3,1427,78
5,6,3,1530,81
0,7,3,993,792
7,7,3,993,792
7,7,3,1001,726
7,7,3,1001,726
6,7,3,1007,666
6,7,3,1007,622
8,7,3,1007,622
6,7,3,1003,554
7,7,3,1000,505
6,7,3,1000,505
9,7,3,998,426
5,7,3,998,426
7,7,3,993,389
6,7,3,990,366
6,7,3,983,341
8,7,3,983,341
7,7,3,976,310
7,7,3,973,300
9,7,3,973,288
6,7,3,973,288
5,7,3,977,277
7,7,3,982,270
5,7,3,982,270
6,7,3,1001,255
8,7,3,1001,255
7,7,3,1031,241
7,7,3,1049,231
7,7,3,1068,223
5,7,3,1068,223
6,7,3,1103,206
8,7,3,1103,206
7,7,3,1138,186
7,7,3,1152,176
8,7,3,1161,168
7,7,3,1161,168
6,7,3,1167,158
8,7,3,1167,158
8,7,3,1168,150
6,7,3,1168,148
7,7,3,1165,144
7,7,3,1160,140
5,7,3,1160,140
9,7,3,1139,127
8,7,3,1139,127
7,7,3,1097,105
7,7,3,1070,93
7,7,3,1039,81
7,7,3,1001,67
5,7,3,1001,67
7,7,3,949,45
6,7,3,900,30
7,7,3,854,14
6,7,3,784,0
7,7,3,784,0
8,7,3,668,0
7,7,3,607,0
7,7,3,548,0
5,7,3,548,0
7,7,3,477,3
0,8,3,897,842
7,8,3,897,842
7,8,3,935,785
7,8,3,956,752
10,8,3,985,702
6,8,3,985,702
6,8,3,985,702
6,8,3,1029,621
7,8,3,1029,621
8,8,3,1055,566
8,8,3,1068,539
8,8,3,1068,539
6,8,3,1089,500
6,8,3,1103,477
8,8,3,1103,477
6,8,3,1118,451
7,8,3,1127,437
10,8,3,1143,412
7,8,3,1143,412
6,8,3,1143,412
8,8,3,1166,370
8,8,3,1172,355
8,8,3,1172,355
6,8,3,1176,336
5,8,3,1176,324
7,8,3,1172,309
5,8,3,1172,309
5,8,3,1160,284
5,8,3,1160,284
7,8,3,1144,259
6,8,3,1129,238
5,8,3,1110,212
7,8,3,1086,188
5,8,3,1086,188
6,8,3,1040,144
7,8,3,1040,144
5,8,3,979,97
5,8,3,979,97
5,8,3,924,62
5,8,3,924,62
5,8,3,862,24
7,8,3,807,0
5,8,3,807,0
5,8,3,733,0
5,8,3,733,0
7,8,3,668,0
6,8,3,618,0
6,8,3,556,0
8,8,3,556,0
7,8,3,469,0
7,8,3,433,0
0,9,3,910,835
7,9,3,910,835
7,9,3,930,777
7,9,3,940,745
5,9,3,940,745
6,9,3,953,700
8,9,3,953,700
6,9,3,962,657
7,9,3,966,628
7,9,3,966,628
9,9,3,973,580
7,9,3,973,580
5,9,3,977,544
6,9,3,979,529
7,9,3,980,515
8,9,3,985,497
8,9,3,985,497
6,9,3,988,474
6,9,3,992,459
8,9,3,992,459
7,9,3,1002,434
7,9,3,1008,421
7,9,3,1015,410
5,9,3,1015,410
6,9,3,1032,394
8,9,3,1032,394
6,9,3,1057,375
6,9,3,1081,359
8,9,3,1081,359
7,9,3,1116,337
7,9,3,1133,326
7,9,3,1151,315
5,9,3,1151,315
5,9,3,1174,302
5,9,3,1174,302
6,9,3,1202,286
8,9,3,1202,286
7,9,3,1234,268
7,9,3,1251,258
8,9,3,1276,245
8,9,3,1276,245
7,9,3,1317,231
7,9,3,1339,223
7,9,3,1363,218
5,9,3,1363,218
7,9,3,1397,212
7,9,3,1425,209
5,9,3,1456,206
8,9,3,1456,206
0,10,3,966,926
5,10,3,966,926
7,10,3,973,883
8,10,3,979,841
8,10,3,979,841
6,10,3,982,778
6,10,3,983,727
8,10,3,983,727
7,10,3,984,652
7,10,3,980,620
8,10,3,973,578
8,10,3,973,578
8,10,3,956,521
5,10,3,956,521
7,10,3,943,492
6,10,3,935,476
6,10,3,925,454
8,10,3,925,454
7,10,3,909,423
7,10,3,903,412
6,10,3,903,412
6,10,3,899,400
5,10,3,899,391
5,10,3,899,391
5,10,3,899,377
5,10,3,899,377
6,10,3,901,363
10,10,3,906,347
8,10,3,906,347
7,10,3,917,328
7,10,3,923,317
8,10,3,929,305
8,10,3,929,305
7,10,3,932,289
8,10,3,932,281
8,10,3,932,281
5,10,3,930,269
9,10,3,928,262
7,10,3,926,257
6,10,3,926,256
6,10,3,926,256
7,10,3,926,255
6,10,3,927,254
7,10,3,930,251
5,10,3,935,247
5,10,3,935,247
6,10,3,951,240
7,10,3,951,240
5,10,3,978,233
8,10,3,1009,227
7,10,3,1009,227
8,10,3,1082,212
7,10,3,1127,205
7,10,3,1184,196
5,10,3,1184,196
9,10,3,1308,179
8,10,3,1308,179
6,10,3,1308,179
6,10,3,1457,164
8,10,3,1457,164
0,1,4,955,872
7,1,4,955,872
7,1,4,955,801
7,1,4,952,762
8,1,4,945,709
8,1,4,945,709
7,1,4,929,622
7,1,4,923,583
9,1,4,915,545
7,1,4,915,545
8,1,4,913,495
5,1,4,913,495
7,1,4,916,467
6,1,4,918,446
7,1,4,923,421
7,1,4,923,421
7,1,4,934,383
7,1,4,940,364
8,1,4,949,341
7,1,4,949,341
8,1,4,962,306
6,1,4,969,292
10,1,4,976,277
6,1,4,976,277
8,1,4,993,250
7,1,4,1005,235
8,1,4,1024,219
7,1,4,1024,219
8,1,4,1071,193
7,1,4,1102,179
8,1,4,1159,158
7,1,4,1159,158
8,1,4,1251,142
7,1,4,1300,136
8,1,4,1351,134
7,1,4,1351,134
7,1,4,1448,128
7,1,4,1448,128
8,1,4,1537,117
0,2,4,1009,803
7,2,4,1011,772
8,2,4,1012,735
9,2,4,1012,735
6,2,4,1013,669
7,2,4,1013,631
8,2,4,1014,584
8,2,4,1014,584
7,2,4,1017,522
8,2,4,1019,492
5,2,4,1019,492
6,2,4,1019,492
6,2,4,1030,439
8,2,4,1030,439
7,2,4,1042,397
7,2,4,1048,379
8,2,4,1057,356
7,2,4,1057,356
8,2,4,1072,325
7,2,4,1079,312
5,2,4,1079,312
5,2,4,1086,298
7,2,4,1092,288
5,2,4,1092,288
5,2,4,1102,275
5,2,4,1102,275
7,2,4,1114,263
6,2,4,1127,255
5,2,4,1143,246
6,2,4,1160,238
6,2,4,1160,238
6,2,4,1191,223
7,2,4,1191,223
5,2,4,1228,209
5,2,4,1228,209
5,2,4,1259,198
8,2,4,1281,188
7,2,4,1281,188
8,2,4,1304,177
8,2,4,1313,172
8,2,4,1313,172
6,2,4,1322,167
5,2,4,1327,164
5,2,4,1327,164
6,2,4,1341,158
8,2,4,1341,158
7,2,4,1371,150
7,2,4,1390,144
9,2,4,1417,138
7,2,4,1417,138
7,2,4,1468,127
7,2,4,1494,123
0,3,4,954,860
5,3,4,954,860
5,3,4,963,813
5,3,4,963,813
6,3,4,967,756
7,3,4,967,756
8,3,4,967,697
8,3,4,969,664
8,3,4,969,664
8,3,4,970,612
5,3,4,970,612
6,3,4,971,583
10,3,4,977,548
7,3,4,977,548
8,3,4,986,508
6,3,4,990,489
7,3,4,994,473
7,3,4,999,455
8,3,4,1004,434
8,3,4,1004,434
9,3,4,1013,397
7,3,4,1013,397
8,3,4,1025,371
7,3,4,1034,357
5,3,4,1034,357
6,3,4,1052,338
8,3,4,1052,338
7,3,4,1080,316
7,3,4,1098,303
9,3,4,1122,287
7,3,4,1122,287
8,3,4,1166,261
5,3,4,1166,261
7,3,4,1193,248
6,3,4,1216,237
6,3,4,1249,220
8,3,4,1249,220
7,3,4,1292,198
7,3,4,1311,185
7,3,4,1327,176
5,3,4,1327,176
6,3,4,1345,162
8,3,4,1345,162
7,3,4,1348,155
7,3,4,1348,152
8,3,4,1344,150
7,3,4,1344,150
5,3,4,1333,143
6,3,4,1333,143
6,3,4,1316,134
5,3,4,1302,127
5,3,4,1302,127
11,3,4,1267,113
6,3,4,1267,113
6,3,4,1267,113
7,3,4,1267,113
7,3,4,1163,74
6,3,4,1163,74
7,3,4,1163,74
6,3,4,1051,34
7,3,4,1051,34
7,3,4,937,0
7,3,4,937,0
6,3,4,937,0
6,3,4,782,0
8,3,4,782,0
6,3,4,688,0
6,3,4,633,0
8,3,4,633,0
6,3,4,565,0
5,3,4,533,0
6,3,4,509,0
7,3,4,489,0
8,3,4,469,6
8,3,4,469,6
8,3,4,445,18
5,3,4,445,18
6,3,4,432,28
0,4,4,979,869
7,4,4,981,847
8,4,4,981,812
8,4,4,981,812
7,4,4,975,752
7,4,4,973,723
8,4,4,971,688
7,4,4,971,688
8,4,4,965,628
7,4,4,959,597
6,4,4,959,597
6,4,4,952,548
7,4,4,952,548
7,4,4,945,493
7,4,4,941,467
7,4,4,935,441
8,4,4,926,412
7,4,4,926,412
5,4,4,913,376
5,4,4,913,376
5,4,4,905,352
5,4,4,905,352
6,4,4,902,330
8,4,4,902,330
6,4,4,902,317
5,4,4,903,312
8,4,4,906,307
10,4,4,913,302
7,4,4,913,302
8,4,4,925,293
8,4,4,932,289
8,4,4,932,289
6,4,4,941,281
5,4,4,945,278
8,4,4,948,271
7,4,4,948,271
8,4,4,949,258
8,4,4,949,248
8,4,4,949,248
6,4,4,947,232
6,4,4,940,215
8,4,4,940,215
7,4,4,918,179
7,4,4,902,160
8,4,4,876,135
8,4,4,876,135
6,4,4,827,98
7,4,4,780,70
9,4,4,735,46
8,4,4,735,46
7,4,4,670,27
7,4,4,641,24
8,4,4,607,21
8,4,4,607,21
7,4,4,561,21
8,4,4,537,23
5,4,4,537,23
7,4,4,509,29
7,4,4,497,33
6,4,4,497,33
6,4,4,487,38
8,4,4,482,44
7,4,4,480,47
6,4,4,479,50
7,4,4,479,53
7,4,4,479,57
6,4,4,479,62
7,4,4,482,69
8,4,4,490,82
7,4,4,490,82
8,4,4,513,110
8,4,4,537,134
8,4,4,537,134
9,4,4,606,200
7,4,4,606,200
8,4,4,678,276
9,4,4,729,333
7,4,4,729,333
9,4,4,823,441
7,4,4,823,441
8,4,4,889,519
7,4,4,916,551
7,4,4,935,578
5,4,4,935,578
6,4,4,955,612
8,4,4,968,639
7,4,4,976,659
8,4,4,983,683
8,4,4,983,683
6,4,4,992,710
5,4,4,996,725
5,4,4,996,725
7,4,4,1000,740
5,4,4,1001,747
5,4,4,1001,747
7,4,4,1001,749
7,4,4,999,749
7,4,4,994,746
8,4,4,984,737
8,4,4,984,737
6,4,4,963,708
6,4,4,933,666
8,4,4,933,666
7,4,4,849,582
7,4,4,794,527
8,4,4,716,455
8,4,4,716,455
7,4,4,576,334
7,4,4,497,272
6,4,4,497,272
0,5,4,856,871
7,5,4,858,845
8,5,4,859,808
5,5,4,859,808
6,5,4,859,808
5,5,4,855,744
5,5,4,855,744
5,5,4,851,695
5,5,4,851,695
5,5,4,851,649
5,5,4,851,649
5,5,4,851,608
5,5,4,851,608
7,5,4,861,560
6,5,4,861,560
5,5,4,870,522
8,5,4,876,500
8,5,4,881,473
7,5,4,886,453
9,5,4,890,429
7,5,4,890,429
7,5,4,896,388
6,5,4,896,368
8,5,4,894,346
5,5,4,894,346
6,5,4,882,309
8,5,4,882,309
7,5,4,854,249
7,5,4,832,207
6,5,4,832,207
5,5,4,779,128
5,5,4,779,128
6,5,4,779,128
6,5,4,686,21
7,5,4,686,21
8,5,4,597,0
7,5,4,559,0
5,5,4,559,0
6,5,4,506,0
8,5,4,506,0
6,5,4,461,0
5,5,4,439,0
0,6,4,969,957
7,6,4,971,945
5,6,4,971,945
7,6,4,975,918
7,6,4,975,918
8,6,4,985,873
7,6,4,990,839
5,6,4,990,839
7,6,4,1001,780
7,6,4,1008,742
7,6,4,1018,704
5,6,4,1018,704
5,6,4,1031,654
6,6,4,1040,619
7,6,4,1049,587
7,6,4,1056,559
5,6,4,1056,559
5,6,4,1068,522
5,6,4,1068,522
7,6,4,1080,490
6,6,4,1092,465
5,6,4,1105,442
5,6,4,1105,442
5,6,4,1129,407
7,6,4,1150,384
5,6,4,1150,384
6,6,4,1195,346
7,6,4,1195,346
8,6,4,1251,302
8,6,4,1283,279
8,6,4,1283,279
8,6,4,1319,251
5,6,4,1319,251
7,6,4,1331,239
6,6,4,1338,232
8,6,4,1347,222
6,6,4,1347,222
6,6,4,1347,222
5,6,4,1357,212
6,6,4,1362,209
7,6,4,1367,206
8,6,4,1379,200
8,6,4,1379,200
7,6,4,1406,188
8,6,4,1429,182
5,6,4,1429,182
6,6,4,1464,170
8,6,4,1511,161
0,7,4,970,870
8,7,4,970,870
6,7,4,978,820
8,7,4,982,774
6,7,4,982,774
6,7,4,982,774
7,7,4,985,699
5,7,4,982,671
5,7,4,982,671
5,7,4,974,636
5,7,4,974,636
7,7,4,967,611
6,7,4,961,591
5,7,4,957,574
7,7,4,953,564
5,7,4,953,564
7,7,4,949,552
6,7,4,948,543
6,7,4,948,530
8,7,4,948,530
6,7,4,948,508
6,7,4,951,492
8,7,4,951,492
6,7,4,958,475
6,7,4,971,456
8,7,4,971,456
7,7,4,1005,423
7,7,4,1026,406
8,7,4,1053,386
8,7,4,1053,386
6,7,4,1089,363
6,7,4,1121,344
8,7,4,1121,344
7,7,4,1167,315
7,7,4,1185,304
8,7,4,1205,288
8,7,4,1205,288
7,7,4,1234,266
7,7,4,1248,255
8,7,4,1270,240
8,7,4,1270,240
7,7,4,1308,216
6,7,4,1329,205
9,7,4,1351,195
8,7,4,1351,195
6,7,4,1391,180
8,7,4,1432,169
5,7,4,1432,169
5,7,4,1473,160
9,7,4,1524,151
0,8,4,970,910
6,8,4,970,910
6,8,4,982,858
9,8,4,990,827
5,8,4,990,827
8,8,4,995,796
9,8,4,1009,746
6,8,4,1009,746
7,8,4,1009,746
5,8,4,1029,680
11,8,4,1039,645
7,8,4,1039,645
8,8,4,1050,596
9,8,4,1060,565
7,8,4,1060,565
11,8,4,1076,521
5,8,4,1076,521
8,8,4,1088,491
13,8,4,1098,463
6,8,4,1098,463
10,8,4,1110,425
7,8,4,1110,425
6,8,4,1110,425
12,8,4,1138,373
5,8,4,1138,373
7,8,4,1138,373
8,8,4,1207,330
6,8,4,1242,316
9,8,4,1298,297
7,8,4,1298,297
6,8,4,1298,297
7,8,4,1415,266
7,8,4,1415,266
8,8,4,1505,241
6,8,4,1547,228
7,8,4,1583,217
0,9,4,1070,768
8,9,4,1070,768
7,9,4,1070,768
5,9,4,1089,700
5,9,4,1096,668
5,9,4,1096,668
8,9,4,1114,598
6,9,4,1114,598
6,9,4,1114,598
6,9,4,1130,512
8,9,4,1130,512
6,9,4,1136,472
6,9,4,1138,448
8,9,4,1138,448
8,9,4,1147,415
5,9,4,1147,415
5,9,4,1158,397
5,9,4,1158,397
5,9,4,1169,379
5,9,4,1169,379
7,9,4,1179,368
6,9,4,1186,358
6,9,4,1195,345
8,9,4,1195,345
7,9,4,1203,326
7,9,4,1205,318
8,9,4,1208,308
8,9,4,1208,308
7,9,4,1211,296
7,9,4,1213,289
7,9,4,1214,282
5,9,4,1214,282
7,9,4,1214,273
7,9,4,1214,263
6,9,4,1210,249
6,9,4,1197,221
8,9,4,1197,221
7,9,4,1147,164
7,9,4,1107,132
8,9,4,1043,96
7,9,4,1043,96
8,9,4,920,47
7,9,4,857,30
5,9,4,857,30
6,9,4,749,12
8,9,4,749,12
9,9,4,594,0
7,9,4,594,0
8,9,4,480,0
7,9,4,428,0
0,10,4,985,815
5,10,4,985,815
7,10,4,985,815
6,10,4,998,758
6,10,4,1009,724
6,10,4,1025,674
8,10,4,1025,674
8,10,4,1057,575
5,10,4,1057,575
5,10,4,1076,507
5,10,4,1076,507
5,10,4,1086,450
5,10,4,1086,450
5,10,4,1088,403
5,10,4,1088,403
5,10,4,1087,365
6,10,4,1083,341
10,10,4,1078,313
5,10,4,1078,313
7,10,4,1078,313
6,10,4,1060,265
7,10,4,1060,265
8,10,4,1031,227
7,10,4,1012,205
9,10,4,973,169
7,10,4,973,169
7,10,4,889,112
7,10,4,840,86
8,10,4,774,52
8,10,4,774,52
7,10,4,671,8
6,10,4,626,0
10,10,4,574,0
7,10,4,574,0
7,10,4,513,0
7,10,4,496,0
7,10,4,482,0
5,10,4,482,0
7,10,4,473,0
7,10,4,472,0
6,10,4,472,0
7,10,4,472,0
6,10,4,472,0
5,10,4,473,0
7,10,4,476,0
5,10,4,476,0
5,10,4,488,3
5,10,4,488,3
6,10,4,518,12
7,10,4,518,12
8,10,4,587,21
10,10,4,658,30
6,10,4,658,30
6,10,4,741,35
5,10,4,808,43
5,10,4,808,43
8,10,4,933,53
6,10,4,933,53
9,10,4,1055,60
8,10,4,1115,64
7,10,4,1145,68
7,10,4,1166,71
5,10,4,1166,71
5,10,4,1174,71
5,10,4,1174,71
7,10,4,1174,71
7,10,4,1173,71
6,10,4,1167,71
5,10,4,1156,70
5,10,4,1156,70
6,10,4,1116,66
8,10,4,1116,66
8,10,4,1057,65
5,10,4,1057,65
7,10,4,1031,67
6,10,4,1021,69
6,10,4,1019,73
9,10,4,1022,78
5,10,4,1022,78
6,10,4,1035,88
8,10,4,1035,88
6,10,4,1063,99
7,10,4,1082,104
7,10,4,1113,113
6,10,4,1153,118
8,10,4,1232,130
6,10,4,1232,130
6,10,4,1232,130
6,10,4,1406,139
7,10,4,1406,139
8,10,4,1533,150
timedifference,trialnumber,blocknumber,xpos,ypos
timedifference,trialnumber,blocknumber,xpos,ypos
timedifference,trialnumber,blocknumber,xpos,ypos
0,1,1,914,814
7,1,1,914,814
10,1,1,927,748
7,1,1,927,748
7,1,1,938,672
9,1,1,942,624
7,1,1,942,624
9,1,1,947,547
5,1,1,947,547
7,1,1,950,499
6,1,1,950,499
8,1,1,950,445
6,1,1,950,421
9,1,1,951,394
7,1,1,951,394
7,1,1,952,362
7,1,1,953,346
6,1,1,954,335
8,1,1,956,322
6,1,1,956,310
6,1,1,954,301
8,1,1,950,289
8,1,1,943,274
7,1,1,943,274
9,1,1,927,250
9,1,1,914,235
6,1,1,902,221
7,1,1,891,209
12,1,1,869,190
7,1,1,869,190
7,1,1,869,190
7,1,1,821,156
8,1,1,801,143
5,1,1,801,143
6,1,1,748,117
7,1,1,748,117
8,1,1,663,79
6,1,1,619,60
9,1,1,558,36
7,1,1,558,36
8,1,1,461,4
6,1,1,409,0
0,2,1,1067,844
5,2,1,1067,844
8,2,1,1067,793
5,2,1,1067,793
7,2,1,1067,793
7,2,1,1047,696
6,2,1,1047,696
7,2,1,1047,696
6,2,1,1013,595
8,2,1,988,535
6,2,1,988,535
7,2,1,956,465
10,2,1,939,421
6,2,1,939,421
11,2,1,917,349
6,2,1,917,349
8,2,1,904,305
19,2,1,888,258
5,2,1,888,258
6,2,1,888,258
5,2,1,888,258
11,2,1,862,209
6,2,1,862,209
11,2,1,851,188
6,2,1,851,188
8,2,1,848,178
6,2,1,848,175
13,2,1,850,166
6,2,1,850,166
7,2,1,850,166
6,2,1,861,152
5,2,1,870,146
9,2,1,891,134
6,2,1,891,134
7,2,1,891,134
7,2,1,961,114
6,2,1,961,114
9,2,1,1074,94
8,2,1,1166,82
9,2,1,1262,69
7,2,1,1262,69
9,2,1,1438,54
5,2,1,1438,54
6,2,1,1572,50
0,3,1,1009,854
11,3,1,1014,808
5,3,1,1014,808
7,3,1,1014,730
8,3,1,1014,684
8,3,1,1014,621
7,3,1,1014,621
9,3,1,1010,525
10,3,1,1008,472
8,3,1,1008,472
6,3,1,999,423
7,3,1,999,423
9,3,1,992,382
9,3,1,990,363
5,3,1,990,363
5,3,1,989,348
8,3,1,990,337
7,3,1,990,337
7,3,1,997,314
7,3,1,997,314
7,3,1,1011,289
7,3,1,1019,279
7,3,1,1030,266
7,3,1,1043,253
5,3,1,1043,253
7,3,1,1065,236
5,3,1,1079,226
5,3,1,1079,226
5,3,1,1096,214
5,3,1,1096,214
6,3,1,1110,204
7,3,1,1110,204
8,3,1,1123,194
6,3,1,1135,188
8,3,1,1151,181
5,3,1,1151,181
5,3,1,1185,169
5,3,1,1185,169
6,3,1,1251,151
7,3,1,1251,151
7,3,1,1362,133
8,3,1,1422,125
5,3,1,1422,125
0,4,1,1012,828
7,4,1,1012,828
8,4,1,1018,752
8,4,1,1022,701
7,4,1,1022,701
5,4,1,1023,634
7,4,1,1024,592
7,4,1,1026,538
5,4,1,1026,538
7,4,1,1022,470
9,4,1,1016,429
7,4,1,1016,429
7,4,1,1007,385
7,4,1,1006,367
8,4,1,1006,353
5,4,1,1006,353
5,4,1,1006,338
5,4,1,1006,338
5,4,1,1008,323
5,4,1,1008,323
7,4,1,1014,308
8,4,1,1019,300
5,4,1,1019,300
5,4,1,1027,288
5,4,1,1027,288
7,4,1,1039,274
6,4,1,1039,274
7,4,1,1052,264
6,4,1,1061,257
7,4,1,1074,248
6,4,1,1086,239
7,4,1,1086,239
7,4,1,1100,230
6,4,1,1106,224
7,4,1,1106,224
8,4,1,1113,218
6,4,1,1116,216
7,4,1,1118,213
6,4,1,1118,213
6,4,1,1123,210
5,4,1,1125,207
6,4,1,1130,203
8,4,1,1136,200
5,4,1,1136,200
5,4,1,1143,194
5,4,1,1143,194
7,4,1,1146,186
8,4,1,1146,181
5,4,1,1146,181
6,4,1,1141,171
7,4,1,1141,171
8,4,1,1119,154
8,4,1,1104,145
10,4,1,1078,132
7,4,1,1078,132
5,4,1,1033,114
9,4,1,985,101
6,4,1,985,101
9,4,1,899,80
5,4,1,899,80
6,4,1,791,63
7,4,1,791,63
7,4,1,639,39
8,4,1,560,30
5,4,1,560,30
6,4,1,434,15
0,5,1,830,823
8,5,1,840,788
7,5,1,840,788
8,5,1,862,728
7,5,1,875,696
8,5,1,887,663
7,5,1,887,663
7,5,1,907,609
7,5,1,918,582
9,5,1,933,548
7,5,1,933,548
8,5,1,951,501
6,5,1,960,477
9,5,1,970,447
7,5,1,970,447
7,5,1,980,411
7,5,1,982,396
10,5,1,985,378
6,5,1,985,378
7,5,1,985,378
6,5,1,984,350
7,5,1,984,350
8,5,1,977,332
6,5,1,977,328
6,5,1,975,324
5,5,1,975,321
5,5,1,975,319
6,5,1,975,315
6,5,1,975,315
6,5,1,977,310
9,5,1,981,302
7,5,1,981,302
6,5,1,989,290
7,5,1,989,290
5,5,1,997,282
5,5,1,1002,276
5,5,1,1010,269
6,5,1,1017,262
5,5,1,1025,256
7,5,1,1036,245
6,5,1,1036,245
8,5,1,1050,230
6,5,1,1050,230
8,5,1,1052,220
7,5,1,1051,215
5,5,1,1049,211
5,5,1,1046,208
7,5,1,1040,202
7,5,1,1031,195
6,5,1,1021,189
7,5,1,1006,182
5,5,1,1006,182
5,5,1,976,171
10,5,1,936,159
10,5,1,881,143
9,5,1,823,136
6,5,1,773,127
8,5,1,714,118
5,5,1,714,118
6,5,1,626,106
10,5,1,515,98
7,5,1,515,98
8,5,1,389,90
timedifference,trialnumber,blocknumber,xpos,ypos
