trialnumber,blocknumber,success,reactiontime,currentcongruency,currentdirection,currentlocation,previouscongruency,previousdirection,previouslocation
1,1,1,327,1,1,0,1,1,0
2,1,1,326,1,1,1,1,1,0
3,1,1,345,1,0,1,1,1,1
4,1,1,421,1,1,1,1,0,1
5,1,1,358,1,0,1,1,1,1
6,1,1,310,1,1,0,1,0,1
7,1,1,301,0,0,0,1,1,0
8,1,1,328,1,1,0,0,0,0
9,1,1,308,1,1,1,1,1,0
10,1,1,335,0,0,1,1,1,1
11,1,1,297,1,1,0,0,0,1
12,1,1,295,1,1,1,1,1,0
13,1,1,351,1,0,1,1,1,1
14,1,1,239,1,1,1,1,0,1
15,1,0,250,0,1,0,1,1,1
16,1,1,296,0,1,1,0,1,0
17,1,0,272,0,1,0,0,1,1
18,1,1,237,1,0,0,0,1,0
19,1,1,234,0,1,1,1,0,0
20,1,1,292,0,0,0,0,0,0
20,1,1,292,0,0,0,0,1,1
21,1,1,325,1,0,1,0,0,0
22,1,1,381,1,0,0,1,0,1
23,1,1,578,0,0,1,1,0,0
24,1,1,393,0,0,0,0,0,1
25,1,1,512,0,0,1,0,0,0
26,1,1,330,1,1,0,0,0,1
27,1,0,230,0,1,0,1,1,0
28,1,0,381,0,1,1,0,1,0
29,1,1,283,1,1,1,0,1,1
30,1,1,522,1,1,0,1,1,1
31,1,1,551,1,1,1,1,1,0
32,1,1,395,1,1,1,1,1,1
33,1,1,526,1,1,1,1,1,1
34,1,1,347,0,0,0,1,1,1
35,1,1,339,1,0,0,0,0,0
36,1,1,356,1,0,0,1,0,0
37,1,1,426,0,0,0,1,0,0
38,1,1,395,1,0,0,0,0,0
39,1,1,575,1,0,1,1,0,0
40,1,1,425,0,1,1,1,0,1
41,1,1,292,1,1,1,0,1,1
42,1,1,297,0,0,0,1,1,1
43,1,1,276,1,0,0,0,0,0
44,1,0,253,1,1,0,1,0,0
45,1,1,321,0,0,1,1,1,0
46,1,1,410,1,1,1,0,0,1
47,1,1,396,0,1,1,1,1,1
48,1,1,356,0,1,1,0,1,1
49,1,1,353,1,0,1,0,1,1
50,1,1,315,0,1,1,1,0,1
51,1,1,415,0,1,0,0,1,1
52,1,1,419,0,1,1,0,1,0
53,1,1,436,1,0,1,0,1,1
54,1,1,439,0,0,1,1,0,1
55,1,1,409,0,0,1,0,0,1
56,1,1,407,1,0,1,0,0,1
57,1,1,370,0,0,1,1,0,1
58,1,1,470,0,1,0,0,0,1
59,1,1,389,1,0,1,0,1,0
60,1,1,393,1,1,0,1,0,1
61,1,1,270,0,1,1,1,1,0
62,1,1,264,0,1,1,0,1,1
63,1,0,244,1,1,0,0,1,1
64,1,1,373,0,1,0,1,1,0
65,1,1,396,0,1,1,0,1,0
66,1,1,264,0,0,0,0,1,1
67,1,1,364,0,1,0,0,0,0
68,1,1,322,1,0,0,0,1,0
69,1,1,383,1,0,1,1,0,0
70,1,1,254,1,1,1,1,0,1
71,1,1,545,0,1,0,1,1,1
72,1,1,325,0,0,0,0,1,0
73,1,1,354,1,1,1,0,0,0
74,1,1,264,1,1,1,1,1,1
75,1,1,350,0,0,0,1,1,1
76,1,1,596,0,0,1,0,0,0
77,1,1,340,1,0,0,0,0,1
78,1,1,275,1,0,0,1,0,0
79,1,1,296,0,0,0,1,0,0
80,1,1,288,0,0,0,0,0,0
81,1,1,519,0,0,1,0,0,0
82,1,1,404,0,0,1,0,0,1
83,1,1,385,0,1,0,0,0,1
84,1,1,368,0,0,1,0,1,0
85,1,1,372,0,1,0,0,0,1
86,1,1,350,1,0,1,0,1,0
87,1,1,258,0,0,0,1,0,1
88,1,1,443,0,0,1,0,0,0
89,1,1,403,0,0,1,0,0,1
90,1,1,707,0,1,0,0,0,1
91,1,1,406,0,0,1,0,1,0
92,1,1,352,1,0,1,0,0,1
93,1,1,562,0,1,0,1,0,1
94,1,1,503,1,1,0,0,1,0
95,1,1,585,1,1,1,1,1,0
96,1,1,394,0,0,1,1,1,1
97,1,1,392,0,0,1,0,0,1
98,1,1,478,1,1,0,0,0,1
99,1,1,480,0,1,0,1,1,0
100,1,1,446,1,1,0,0,1,0
101,1,1,545,0,1,1,1,1,0
102,1,1,335,1,0,0,0,1,1
103,1,1,417,1,0,0,1,0,0
104,1,1,346,0,0,0,1,0,0
105,1,1,352,0,1,0,0,0,0
106,1,1,396,1,0,1,0,1,0
107,1,1,483,0,1,1,1,0,1
108,1,0,0,1,0,1,0,1,1
109,1,0,0,0,0,0,1,0,1
110,1,1,291,1,1,0,0,0,0
111,1,1,391,0,1,1,1,1,0
112,1,1,350,1,1,0,0,1,1
113,1,1,406,1,0,0,1,1,0
114,1,1,419,0,0,1,1,0,0
115,1,1,488,1,0,0,0,0,1
116,1,1,364,0,1,0,1,0,0
117,1,1,398,1,1,1,0,1,0
118,1,1,295,1,0,0,1,1,1
119,1,1,335,0,0,0,1,0,0
120,1,1,315,1,0,0,0,0,0
121,1,1,454,1,1,0,1,0,0
122,1,1,374,0,0,1,1,1,0
123,1,1,269,1,1,1,0,0,1
124,1,1,247,0,0,0,1,1,1
125,1,1,274,0,1,1,0,0,0
126,1,1,284,0,0,0,0,1,1
127,1,1,297,0,1,1,0,0,0
128,1,1,234,0,0,0,0,1,1
129,1,1,484,1,0,1,0,0,0
130,1,1,263,0,0,0,1,0,1
131,1,1,324,0,1,1,0,0,0
132,1,1,280,1,0,0,0,1,1
133,1,1,290,1,0,0,1,0,0
134,1,0,222,0,1,0,1,0,0
135,1,0,0,0,0,1,0,1,0
136,1,1,236,1,0,0,0,0,1
137,1,1,523,1,0,1,1,0,0
138,1,1,393,0,1,0,1,0,1
139,1,1,344,1,1,1,0,1,0
140,1,1,303,0,0,0,1,1,1
141,1,1,380,0,1,0,0,0,0
142,1,1,340,1,1,0,0,1,0
143,1,1,378,1,1,0,1,1,0
144,1,1,413,1,0,1,1,1,0
145,1,1,317,0,1,1,1,0,1
146,1,1,215,1,0,0,0,1,1
147,1,1,316,1,0,0,1,0,0
148,1,1,381,0,1,0,1,0,0
149,1,0,240,1,1,0,0,1,0
150,1,1,344,1,1,1,1,1,0
151,1,1,390,1,1,0,1,1,1
152,1,1,411,1,1,1,1,1,0
153,1,1,288,0,1,1,1,1,1
154,1,1,455,1,0,1,0,1,1
155,1,1,322,0,1,1,1,0,1
156,1,1,339,1,1,0,0,1,1
157,1,1,425,0,0,1,1,1,0
158,1,1,433,1,0,1,0,0,1
159,1,1,376,0,1,0,1,0,1
160,1,1,411,1,0,1,0,1,0
1,2,1,362,1,0,1,1,0,1
2,2,1,376,0,1,1,1,0,1
3,2,1,221,1,0,0,0,1,1
4,2,1,379,0,0,1,1,0,0
5,2,1,317,1,1,0,0,0,1
6,2,1,260,1,1,1,1,1,0
7,2,1,420,1,0,1,1,1,1
8,2,1,283,1,1,1,1,0,1
9,2,1,357,1,0,0,1,1,1
10,2,1,417,1,0,0,1,0,0
11,2,1,353,0,1,0,1,0,0
12,2,1,363,0,0,1,0,1,0
13,2,1,340,1,1,1,0,0,1
14,2,0,181,0,1,0,1,1,1
15,2,1,375,0,0,0,0,1,0
16,2,1,400,1,0,1,0,0,0
17,2,1,301,1,1,1,1,0,1
18,2,1,451,1,0,1,1,1,1
19,2,1,323,0,1,0,1,0,1
20,2,0,260,0,1,0,0,1,0
21,2,1,366,0,1,0,0,1,0
22,2,1,388,0,1,1,0,1,0
23,2,1,290,1,0,0,0,1,1
24,2,1,403,1,0,0,1,0,0
25,2,1,481,0,0,1,1,0,0
26,2,1,230,0,1,1,0,0,1
27,2,1,358,0,1,1,0,1,1
28,2,1,369,0,1,1,0,1,1
29,2,1,473,0,1,1,0,1,1
30,2,1,605,0,0,1,0,1,1
31,2,1,492,1,0,1,0,0,1
32,2,1,401,1,0,1,1,0,1
33,2,1,485,1,1,0,1,0,1
34,2,1,392,0,1,0,1,1,0
35,2,1,532,0,1,1,0,1,0
36,2,1,484,1,1,1,0,1,1
37,2,1,498,0,0,1,1,1,1
38,2,1,323,0,1,1,0,0,1
39,2,0,271,1,1,0,0,1,1
40,2,1,495,1,0,1,1,1,0
41,2,1,408,0,1,1,1,0,1
42,2,1,497,0,1,0,0,1,1
43,2,1,471,0,1,0,0,1,0
44,2,1,353,1,0,1,0,1,0
45,2,1,440,0,1,0,1,0,1
46,2,1,518,1,0,1,0,1,0
47,2,1,513,1,0,1,1,0,1
48,2,1,355,0,1,0,1,0,1
49,2,1,413,1,0,0,0,1,0
50,2,1,477,1,0,0,1,0,0
51,2,1,426,0,0,1,1,0,0
52,2,1,427,0,0,1,0,0,1
53,2,1,428,0,0,0,0,0,1
54,2,1,352,1,0,0,0,0,0
55,2,1,389,0,0,1,1,0,0
56,2,1,290,1,0,0,0,0,1
57,2,1,278,0,0,0,1,0,0
58,2,1,381,1,1,1,0,0,0
59,2,1,255,0,0,0,1,1,1
60,2,1,474,0,1,1,0,0,0
61,2,1,251,1,0,0,0,1,1
62,2,1,370,0,1,0,1,0,0
63,2,1,401,1,1,1,0,1,0
64,2,1,419,1,1,1,1,1,1
65,2,1,596,1,1,0,1,1,1
66,2,1,366,0,1,1,1,1,0
67,2,1,407,0,1,1,0,1,1
68,2,1,862,0,0,1,0,1,1
69,2,1,291,1,1,1,0,0,1
70,2,1,295,0,1,1,1,1,1
71,2,1,336,0,1,1,0,1,1
72,2,1,305,1,0,0,0,1,1
73,2,1,301,1,1,1,1,0,0
74,2,1,381,0,0,1,1,1,1
75,2,1,305,1,1,1,0,0,1
76,2,1,335,0,1,1,1,1,1
77,2,1,286,0,0,0,0,1,1
78,2,1,360,0,1,0,0,0,0
79,2,1,335,0,1,1,0,1,0
80,2,1,698,0,1,0,0,1,1
81,2,1,372,1,0,0,0,1,0
82,2,1,328,1,1,1,1,0,0
83,2,1,382,0,1,1,1,1,1
84,2,1,415,0,0,1,0,1,1
85,2,1,327,1,1,0,0,0,1
86,2,1,391,1,0,0,1,1,0
87,2,1,312,0,1,0,1,0,0
88,2,1,308,0,0,0,0,1,0
89,2,1,302,1,1,1,0,0,0
90,2,1,404,1,1,0,1,1,1
91,2,1,325,0,0,0,1,1,0
92,2,1,247,0,1,1,0,0,0
93,2,1,765,1,1,0,0,1,1
94,2,1,420,0,0,1,1,1,0
95,2,1,375,0,0,0,0,0,1
96,2,1,289,0,1,1,0,0,0
97,2,0,249,0,0,1,0,1,1
98,2,1,411,1,1,0,0,0,1
99,2,1,396,0,0,0,1,1,0
100,2,1,331,1,1,0,0,0,0
101,2,1,405,0,1,0,1,1,0
102,2,1,475,0,0,1,0,1,0
103,2,1,529,1,0,1,0,0,1
104,2,1,477,0,0,0,0,0,0
104,2,1,477,0,0,0,1,0,1
105,2,1,407,1,1,0,0,0,0
106,2,1,353,1,1,1,1,1,0
107,2,1,693,0,0,1,1,1,1
108,2,1,453,0,0,1,0,0,1
109,2,1,540,1,1,0,0,0,1
110,2,1,382,0,0,0,1,1,0
111,2,1,339,0,1,0,0,0,0
112,2,1,504,1,1,0,0,1,0
113,2,1,386,1,0,1,1,1,0
114,2,1,431,1,0,0,1,0,1
115,2,1,375,0,0,0,1,0,0
116,2,1,472,1,1,0,0,0,0
117,2,1,443,1,0,1,1,1,0
118,2,1,358,1,0,1,1,0,1
119,2,1,441,1,0,1,1,0,1
120,2,1,402,1,1,0,1,0,1
121,2,1,335,0,0,0,1,1,0
122,2,1,397,0,0,0,0,0,0
123,2,1,402,0,0,0,0,0,0
124,2,1,394,0,1,0,0,0,0
125,2,1,338,0,0,0,0,1,0
126,2,1,378,0,1,0,0,0,0
127,2,1,462,1,1,0,0,1,0
128,2,1,404,1,0,0,1,1,0
129,2,1,303,1,1,1,1,0,0
130,2,1,341,1,0,1,1,1,1
131,2,0,369,0,0,1,1,0,1
132,2,1,421,1,0,1,0,0,1
133,2,1,369,1,0,0,1,0,1
134,2,1,400,1,1,0,1,0,0
135,2,1,422,0,0,1,1,1,0
136,2,1,956,1,0,1,0,0,1
137,2,1,492,1,1,0,1,0,1
138,2,0,0,1,1,1,1,1,0
139,2,1,243,1,0,0,1,1,1
140,2,1,372,1,1,0,1,0,0
141,2,1,297,1,0,0,1,1,0
142,2,1,421,0,0,0,1,0,0
143,2,1,395,1,1,1,0,0,0
144,2,1,180,0,0,0,1,1,1
145,2,1,298,1,0,0,0,0,0
146,2,1,308,1,0,0,1,0,0
147,2,1,556,1,0,1,1,0,0
148,2,1,540,0,0,1,1,0,1
149,2,1,305,1,1,1,0,0,1
150,2,1,309,0,0,0,1,1,1
151,2,1,360,0,1,1,0,0,0
152,2,1,385,0,0,1,0,1,1
153,2,1,327,0,0,0,0,0,1
154,2,1,459,1,1,0,0,0,0
155,2,1,526,1,1,1,1,1,0
156,2,1,643,0,1,0,1,1,1
157,2,1,438,0,1,0,0,1,0
158,2,1,379,1,1,0,0,1,0
159,2,1,389,1,0,1,1,1,0
160,2,1,371,1,1,1,1,0,1
1,3,0,0,1,1,1,1,1,1
2,3,1,482,1,1,0,1,1,1
3,3,1,392,0,0,0,1,1,0
4,3,1,521,0,1,0,0,0,0
5,3,1,536,1,1,0,0,1,0
6,3,1,491,0,1,0,1,1,0
7,3,1,477,1,0,1,0,1,0
8,3,1,428,0,1,0,1,0,1
9,3,1,471,1,1,1,0,1,0
10,3,1,490,0,1,0,1,1,1
11,3,1,461,1,0,1,0,1,0
12,3,1,511,0,0,0,1,0,1
13,3,1,349,1,1,1,0,0,0
14,3,1,428,0,1,0,1,1,1
15,3,1,481,1,0,1,0,1,0
16,3,1,414,0,1,1,1,0,1
17,3,1,427,1,0,1,0,1,1
18,3,1,362,0,1,0,1,0,1
19,3,1,457,1,1,0,0,1,0
20,3,1,472,1,1,1,1,1,0
21,3,0,341,1,0,1,1,1,1
22,3,1,318,1,1,1,1,0,1
23,3,1,322,0,1,1,1,1,1
24,3,1,425,1,0,1,0,1,1
25,3,1,464,1,0,1,1,0,1
26,3,1,557,0,0,1,1,0,1
27,3,0,346,1,0,1,0,0,1
28,3,1,427,1,0,0,1,0,1
29,3,1,534,0,1,0,1,0,0
30,3,1,322,0,0,0,0,1,0
31,3,1,407,1,0,0,0,0,0
32,3,1,368,0,0,0,1,0,0
33,3,1,356,1,1,1,0,0,0
34,3,1,492,0,1,0,1,1,1
35,3,1,671,1,1,0,0,1,0
36,3,1,386,1,1,1,1,1,0
37,3,1,429,0,0,1,1,1,1
38,3,1,445,0,1,1,0,0,1
39,3,1,425,1,1,0,0,1,1
40,3,1,472,1,0,1,1,1,0
41,3,1,363,0,1,1,1,0,1
42,3,1,448,1,1,0,0,1,1
43,3,1,424,1,1,0,1,1,0
44,3,1,348,0,1,0,1,1,0
45,3,1,445,0,1,1,0,1,0
46,3,1,391,1,0,0,0,1,1
47,3,1,344,0,1,0,1,0,0
48,3,1,407,1,1,0,0,1,0
49,3,1,407,1,1,0,1,1,0
50,3,1,403,0,1,0,1,1,0
51,3,0,295,1,0,1,0,1,0
52,3,1,484,0,0,1,1,0,1
53,3,1,645,0,0,0,0,0,1
54,3,1,477,1,0,0,0,0,0
55,3,1,382,1,1,1,1,0,0
56,3,1,443,1,0,1,1,1,1
57,3,1,370,1,0,0,1,0,1
58,3,1,317,1,0,0,1,0,0
59,3,1,375,1,1,1,1,0,0
60,3,1,420,0,0,1,1,1,1
61,3,1,428,0,1,1,0,0,1
62,3,1,369,1,0,0,0,1,1
63,3,1,453,1,0,1,1,0,0
64,3,1,392,0,0,0,1,0,1
65,3,1,414,1,0,0,0,0,0
66,3,1,598,0,1,0,1,0,0
67,3,1,388,0,0,0,0,1,0
68,3,0,347,0,0,1,0,0,0
69,3,1,444,0,0,1,0,0,1
70,3,1,514,1,0,1,0,0,1
71,3,1,519,0,1,1,1,0,1
72,3,1,359,0,0,0,0,1,1
73,3,1,521,0,1,0,0,0,0
74,3,1,607,1,1,0,0,1,0
75,3,1,495,1,0,1,1,1,0
76,3,1,387,1,0,0,1,0,1
77,3,1,536,0,1,0,1,0,0
78,3,1,299,0,0,0,0,1,0
79,3,0,305,0,0,1,0,0,0
80,3,1,286,0,0,0,0,0,1
81,3,1,389,1,1,1,0,0,0
82,3,1,646,1,1,0,1,1,1
83,3,1,382,1,0,0,1,1,0
84,3,1,537,0,0,1,1,0,0
85,3,1,452,1,0,1,0,0,1
86,3,1,484,0,1,1,1,0,1
87,3,0,317,0,1,0,0,1,1
88,3,1,485,1,1,1,0,1,0
89,3,1,506,1,1,1,1,1,1
90,3,1,394,1,0,0,1,1,1
91,3,1,372,0,0,0,1,0,0
92,3,1,340,1,1,1,0,0,0
93,3,1,428,0,1,1,1,1,1
94,3,1,349,0,1,1,0,1,1
95,3,1,349,0,0,0,0,1,1
96,3,1,405,0,1,1,0,0,0
97,3,1,424,0,1,1,0,1,1
98,3,1,669,1,1,0,0,1,1
99,3,1,459,1,0,1,1,1,0
100,3,1,465,1,1,0,1,0,1
101,3,1,492,1,0,0,1,1,0
102,3,1,354,0,1,1,1,0,0
103,3,1,453,1,0,0,0,1,1
104,3,1,359,0,0,0,1,0,0
105,3,1,460,1,1,0,0,0,0
106,3,1,484,1,1,0,1,1,0
107,3,1,412,0,0,0,1,1,0
108,3,1,404,0,0,0,0,0,0
109,3,1,455,0,0,1,0,0,0
110,3,1,474,0,0,1,0,0,1
111,3,1,380,1,0,0,0,0,1
112,3,1,447,1,1,0,1,0,0
113,3,1,471,0,0,1,1,1,0
114,3,1,493,0,0,1,0,0,1
115,3,1,363,0,0,0,0,0,1
116,3,1,370,0,0,0,0,0,0
116,3,1,370,0,0,0,0,0,0
117,3,1,358,0,0,0,0,0,0
118,3,1,442,0,1,0,0,0,0
119,3,1,352,1,1,1,0,1,0
120,3,1,428,1,0,0,1,1,1
121,3,1,380,1,0,0,1,0,0
122,3,1,490,1,0,1,1,0,0
123,3,1,429,1,1,0,1,0,1
124,3,1,475,0,0,1,1,1,0
125,3,1,487,0,0,0,0,0,1
126,3,0,338,0,1,0,0,0,0
127,3,1,417,1,0,0,0,1,0
128,3,1,319,0,1,1,1,0,0
129,3,1,587,1,1,0,0,1,1
130,3,1,443,1,1,1,1,1,0
131,3,1,365,0,1,1,1,1,1
132,3,1,307,0,1,1,0,1,1
133,3,1,466,0,0,1,0,1,1
134,3,0,0,1,1,0,0,0,1
135,3,1,415,0,0,1,1,1,0
136,3,1,426,0,1,0,0,0,1
137,3,1,438,1,0,1,0,1,0
138,3,1,501,0,0,0,1,0,1
139,3,1,357,1,1,1,0,0,0
140,3,1,333,0,1,1,1,1,1
141,3,1,639,0,1,0,0,1,1
142,3,1,495,0,0,1,0,1,0
143,3,1,404,1,1,1,0,0,1
144,3,1,991,1,0,1,1,1,1
145,3,1,317,1,0,0,1,0,1
146,3,1,543,0,0,1,1,0,0
147,3,1,364,0,1,1,0,0,1
148,3,1,463,0,1,1,0,1,1
149,3,1,442,0,0,1,0,1,1
150,3,1,372,0,1,1,0,0,1
151,3,1,381,1,1,1,0,1,1
152,3,1,612,0,1,0,1,1,1
153,3,1,396,1,0,1,0,1,0
154,3,1,305,1,0,0,1,0,1
155,3,1,433,0,0,1,1,0,0
156,3,1,393,0,0,1,0,0,1
157,3,1,390,1,0,0,0,0,1
158,3,1,381,1,1,1,1,0,0
159,3,1,653,1,1,1,1,1,1
160,3,1,561,1,1,0,1,1,1
1,4,1,505,0,1,0,0,1,0
2,4,1,423,0,0,1,0,1,0
3,4,1,464,0,0,0,0,0,1
4,4,1,459,1,1,1,0,0,0
5,4,1,362,1,1,1,1,1,1
6,4,1,313,1,0,0,1,1,1
7,4,1,632,0,1,0,1,0,0
8,4,1,468,0,1,0,0,1,0
9,4,1,494,0,1,1,0,1,0
10,4,1,476,0,0,1,0,1,1
11,4,1,362,0,0,0,0,0,1
12,4,1,478,0,1,0,0,0,0
13,4,1,322,1,1,1,0,1,0
14,4,1,463,0,1,0,1,1,1
15,4,1,435,1,0,1,0,1,0
16,4,1,481,1,0,1,1,0,1
17,4,1,451,0,0,1,1,0,1
18,4,1,454,0,1,0,0,0,1
19,4,1,437,1,0,1,0,1,0
20,4,1,395,0,1,0,1,0,1
21,4,1,419,0,0,1,0,1,0
22,4,1,419,0,1,0,0,0,1
23,4,1,639,1,1,1,0,1,0
24,4,1,346,0,1,1,1,1,1
25,4,0,289,1,1,0,0,1,1
26,4,1,403,0,0,0,1,1,0
27,4,1,460,1,1,0,0,0,0
28,4,1,444,1,0,1,1,1,0
29,4,1,497,1,0,0,1,0,1
30,4,1,425,0,0,0,1,0,0
31,4,1,475,0,0,1,0,0,0
32,4,1,309,0,0,0,0,0,1
33,4,1,424,0,0,0,0,0,0
34,4,1,312,1,1,1,0,0,0
35,4,1,394,0,0,1,1,1,1
36,4,0,373,1,0,1,0,0,1
37,4,1,375,1,0,0,1,0,1
38,4,1,373,0,1,1,1,0,0
39,4,1,304,1,0,0,0,1,1
40,4,1,351,1,0,0,1,0,0
41,4,1,353,1,1,1,1,0,0
42,4,1,313,0,0,0,1,1,1
43,4,1,321,1,1,1,0,0,0
44,4,0,328,1,1,0,1,1,1
45,4,1,451,0,0,1,1,1,0
46,4,1,390,0,1,1,0,0,1
47,4,1,581,1,1,0,0,1,1
48,4,1,357,1,0,0,1,1,0
49,4,1,419,1,0,1,1,0,0
50,4,1,396,0,1,1,1,0,1
51,4,1,455,1,1,0,0,1,1
52,4,1,412,0,1,0,1,1,0
53,4,1,392,0,0,0,0,1,0
54,4,1,354,0,0,0,0,0,0
55,4,1,510,1,0,1,0,0,0
56,4,1,475,1,1,0,1,0,1
57,4,1,359,1,1,1,1,1,0
58,4,1,380,1,1,1,1,1,1
59,4,1,339,0,1,1,1,1,1
60,4,1,376,0,1,1,0,1,1
61,4,1,451,1,1,1,0,1,1
62,4,1,481,0,0,1,1,1,1
63,4,1,389,1,0,0,0,0,1
64,4,1,417,0,0,1,1,0,0
65,4,1,442,1,1,0,0,0,1
66,4,1,371,0,0,1,1,1,0
67,4,1,355,1,0,0,0,0,1
68,4,1,462,1,1,1,1,0,0
69,4,1,345,1,0,0,1,1,1
70,4,1,453,0,0,1,1,0,0
71,4,1,526,1,1,0,0,0,1
72,4,0,289,0,1,0,1,1,0
73,4,1,456,1,1,0,0,1,0
74,4,1,556,0,1,1,1,1,0
75,4,1,449,1,0,1,0,1,1
76,4,1,458,0,1,1,1,0,1
77,4,1,618,1,1,0,0,1,1
78,4,1,455,0,1,0,1,1,0
79,4,1,342,1,0,0,0,1,0
80,4,1,331,0,1,1,1,0,0
81,4,1,448,1,1,1,0,1,1
82,4,1,324,1,0,0,1,1,1
83,4,1,420,1,1,0,1,0,0
84,4,1,351,0,0,0,1,1,0
85,4,1,500,1,0,1,0,0,0
86,4,1,321,0,0,0,0,0,0
86,4,1,321,0,0,0,1,0,1
87,4,1,464,1,1,0,0,0,0
88,4,1,416,1,1,1,1,1,0
89,4,1,454,0,0,1,1,1,1
90,4,1,368,1,0,0,0,0,1
91,4,1,379,0,1,0,1,0,0
92,4,0,459,0,1,1,0,1,0
93,4,1,433,1,1,0,0,1,1
94,4,1,505,1,1,0,1,1,0
95,4,1,437,0,0,1,1,1,0
96,4,1,480,0,1,1,0,0,1
97,4,1,436,0,1,0,0,1,1
98,4,1,350,0,0,0,0,1,0
99,4,1,436,0,1,0,0,0,0
100,4,1,338,0,1,1,0,1,0
101,4,0,337,1,0,1,0,1,1
102,4,1,517,0,0,1,1,0,1
103,4,1,450,1,0,1,0,0,1
104,4,1,543,1,1,1,1,0,1
105,4,1,514,0,1,0,1,1,1
106,4,1,467,1,0,0,0,1,0
107,4,1,429,0,0,0,1,0,0
108,4,1,478,1,0,1,0,0,0
109,4,1,436,0,1,1,1,0,1
110,4,1,347,1,0,0,0,1,1
111,4,1,332,0,0,0,1,0,0
112,4,1,334,0,0,0,0,0,0
113,4,1,365,1,1,1,0,0,0
114,4,1,711,1,1,0,1,1,1
115,4,1,370,1,1,1,1,1,0
116,4,1,354,1,0,0,1,1,1
117,4,1,534,0,0,1,1,0,0
118,4,1,538,1,0,1,0,0,1
119,4,1,426,1,1,0,1,0,1
120,4,1,778,0,1,1,1,1,0
121,4,1,476,0,0,1,0,1,1
122,4,1,528,1,0,1,0,0,1
123,4,1,382,1,1,0,1,0,1
124,4,1,593,0,1,1,1,1,0
125,4,1,334,0,0,0,0,1,1
126,4,1,507,0,1,0,0,0,0
127,4,1,419,0,1,1,0,1,0
128,4,1,457,1,0,1,0,1,1
129,4,1,457,1,0,1,1,0,1
130,4,1,378,0,0,1,1,0,1
131,4,1,385,1,0,1,0,0,1
132,4,1,381,0,1,1,1,0,1
133,4,1,443,1,0,1,0,1,1
134,4,1,630,0,0,1,1,0,1
135,4,1,549,0,0,0,0,0,1
136,4,1,521,1,1,1,0,0,0
137,4,1,407,1,0,0,1,1,1
138,4,1,438,0,0,1,1,0,0
139,4,0,284,1,1,0,0,0,1
140,4,1,443,0,0,0,1,1,0
141,4,1,360,1,0,0,0,0,0
142,4,1,431,1,1,1,1,0,0
143,4,1,382,1,0,1,1,1,1
144,4,1,318,1,0,0,1,0,1
145,4,1,320,1,0,0,1,0,0
146,4,1,359,0,1,1,1,0,0
147,4,0,334,1,1,0,0,1,1
148,4,1,334,1,0,0,1,1,0
149,4,1,1516,0,1,1,1,0,0
150,4,1,348,0,0,0,0,1,1
151,4,1,602,0,1,0,0,0,0
152,4,1,409,0,0,1,0,1,0
153,4,1,456,0,1,0,0,0,1
154,4,1,479,0,1,0,0,1,0
155,4,1,368,1,1,1,0,1,0
156,4,1,456,1,0,1,1,1,1
157,4,1,530,1,1,1,1,0,1
158,4,1,439,0,0,0,1,1,1
159,4,1,454,1,1,0,0,0,0
160,4,1,466,0,1,0,1,1,0
